0.00000008 0.00000009 0.00000011 0.00000013 0.00000016 0.00000019 0.00000022 0.00000026 0.00000030 0.00000036 0.00000041 0.00000048 0.00000055 0.00000063 0.00000073 0.00000083 0.00000094 0.00000106 0.00000120 0.00000134 0.00000150 0.00000167 0.00000185 0.00000205 0.00000225 0.00000247 0.00000270 0.00000293 0.00000318 0.00000343 0.00000369 0.00000395 0.00000421 0.00000447 0.00000473 0.00000499 0.00000524 0.00000548 0.00000571 0.00000592 0.00000612 0.00000631 0.00000647 0.00000661 0.00000673 0.00000682 0.00000689 0.00000693 0.00000694 0.00000693 0.00000689 0.00000682 0.00000673 0.00000661 0.00000647 0.00000631 0.00000612 0.00000592 0.00000571 0.00000548 0.00000524 0.00000499 0.00000473 0.00000447 0.00000421 0.00000395 0.00000369 0.00000343 0.00000318 0.00000293 0.00000270 0.00000247 0.00000225 0.00000205 0.00000185 0.00000167 0.00000150 0.00000134 0.00000120 0.00000106 0.00000094 0.00000083 0.00000073 0.00000063 0.00000055 0.00000048 0.00000041 0.00000036 0.00000030 0.00000026 0.00000022 0.00000019 0.00000016 0.00000013 0.00000011 0.00000009 0.00000008
0.00000009 0.00000011 0.00000013 0.00000016 0.00000019 0.00000023 0.00000027 0.00000031 0.00000037 0.00000043 0.00000050 0.00000058 0.00000066 0.00000076 0.00000087 0.00000100 0.00000113 0.00000128 0.00000144 0.00000162 0.00000181 0.00000201 0.00000223 0.00000246 0.00000271 0.00000297 0.00000325 0.00000353 0.00000383 0.00000413 0.00000444 0.00000475 0.00000507 0.00000538 0.00000570 0.00000601 0.00000631 0.00000660 0.00000687 0.00000713 0.00000737 0.00000759 0.00000779 0.00000796 0.00000810 0.00000821 0.00000829 0.00000834 0.00000836 0.00000834 0.00000829 0.00000821 0.00000810 0.00000796 0.00000779 0.00000759 0.00000737 0.00000713 0.00000687 0.00000660 0.00000631 0.00000601 0.00000570 0.00000538 0.00000507 0.00000475 0.00000444 0.00000413 0.00000383 0.00000353 0.00000325 0.00000297 0.00000271 0.00000246 0.00000223 0.00000201 0.00000181 0.00000162 0.00000144 0.00000128 0.00000113 0.00000100 0.00000087 0.00000076 0.00000066 0.00000058 0.00000050 0.00000043 0.00000037 0.00000031 0.00000027 0.00000023 0.00000019 0.00000016 0.00000013 0.00000011 0.00000009
0.00000011 0.00000013 0.00000016 0.00000019 0.00000023 0.00000027 0.00000032 0.00000038 0.00000044 0.00000051 0.00000060 0.00000069 0.00000080 0.00000092 0.00000105 0.00000119 0.00000136 0.00000153 0.00000173 0.00000194 0.00000217 0.00000241 0.00000268 0.00000296 0.00000325 0.00000357 0.00000389 0.00000423 0.00000459 0.00000495 0.00000532 0.00000570 0.00000608 0.00000646 0.00000683 0.00000720 0.00000756 0.00000791 0.00000824 0.00000855 0.00000884 0.00000910 0.00000934 0.00000954 0.00000971 0.00000984 0.00000994 0.00001000 0.00001002 0.00001000 0.00000994 0.00000984 0.00000971 0.00000954 0.00000934 0.00000910 0.00000884 0.00000855 0.00000824 0.00000791 0.00000756 0.00000720 0.00000683 0.00000646 0.00000608 0.00000570 0.00000532 0.00000495 0.00000459 0.00000423 0.00000389 0.00000357 0.00000325 0.00000296 0.00000268 0.00000241 0.00000217 0.00000194 0.00000173 0.00000153 0.00000136 0.00000119 0.00000105 0.00000092 0.00000080 0.00000069 0.00000060 0.00000051 0.00000044 0.00000038 0.00000032 0.00000027 0.00000023 0.00000019 0.00000016 0.00000013 0.00000011
0.00000013 0.00000016 0.00000019 0.00000023 0.00000027 0.00000032 0.00000038 0.00000045 0.00000053 0.00000061 0.00000071 0.00000083 0.00000095 0.00000109 0.00000125 0.00000143 0.00000162 0.00000183 0.00000206 0.00000232 0.00000259 0.00000288 0.00000320 0.00000353 0.00000389 0.00000426 0.00000465 0.00000506 0.00000548 0.00000591 0.00000636 0.00000681 0.00000726 0.00000771 0.00000816 0.00000860 0.00000903 0.00000945 0.00000984 0.00001022 0.00001056 0.00001088 0.00001116 0.00001140 0.00001160 0.00001176 0.00001187 0.00001194 0.00001197 0.00001194 0.00001187 0.00001176 0.00001160 0.00001140 0.00001116 0.00001088 0.00001056 0.00001022 0.00000984 0.00000945 0.00000903 0.00000860 0.00000816 0.00000771 0.00000726 0.00000681 0.00000636 0.00000591 0.00000548 0.00000506 0.00000465 0.00000426 0.00000389 0.00000353 0.00000320 0.00000288 0.00000259 0.00000232 0.00000206 0.00000183 0.00000162 0.00000143 0.00000125 0.00000109 0.00000095 0.00000083 0.00000071 0.00000061 0.00000053 0.00000045 0.00000038 0.00000032 0.00000027 0.00000023 0.00000019 0.00000016 0.00000013
0.00000016 0.00000019 0.00000023 0.00000027 0.00000032 0.00000038 0.00000045 0.00000053 0.00000063 0.00000073 0.00000085 0.00000098 0.00000113 0.00000130 0.00000149 0.00000170 0.00000193 0.00000218 0.00000246 0.00000276 0.00000308 0.00000343 0.00000380 0.00000420 0.00000462 0.00000507 0.00000553 0.00000602 0.00000652 0.00000704 0.00000756 0.00000810 0.00000864 0.00000918 0.00000971 0.00001024 0.00001075 0.00001124 0.00001171 0.00001216 0.00001257 0.00001294 0.00001327 0.00001356 0.00001380 0.00001399 0.00001413 0.00001421 0.00001424 0.00001421 0.00001413 0.00001399 0.00001380 0.00001356 0.00001327 0.00001294 0.00001257 0.00001216 0.00001171 0.00001124 0.00001075 0.00001024 0.00000971 0.00000918 0.00000864 0.00000810 0.00000756 0.00000704 0.00000652 0.00000602 0.00000553 0.00000507 0.00000462 0.00000420 0.00000380 0.00000343 0.00000308 0.00000276 0.00000246 0.00000218 0.00000193 0.00000170 0.00000149 0.00000130 0.00000113 0.00000098 0.00000085 0.00000073 0.00000063 0.00000053 0.00000045 0.00000038 0.00000032 0.00000027 0.00000023 0.00000019 0.00000016
0.00000019 0.00000023 0.00000027 0.00000032 0.00000038 0.00000046 0.00000054 0.00000063 0.00000074 0.00000087 0.00000101 0.00000116 0.00000134 0.00000154 0.00000177 0.00000201 0.00000228 0.00000258 0.00000291 0.00000327 0.00000365 0.00000406 0.00000451 0.00000498 0.00000548 0.00000601 0.00000656 0.00000713 0.00000773 0.00000834 0.00000896 0.00000960 0.00001024 0.00001088 0.00001151 0.00001213 0.00001274 0.00001333 0.00001388 0.00001441 0.00001489 0.00001534 0.00001573 0.00001607 0.00001636 0.00001658 0.00001675 0.00001684 0.00001688 0.00001684 0.00001675 0.00001658 0.00001636 0.00001607 0.00001573 0.00001534 0.00001489 0.00001441 0.00001388 0.00001333 0.00001274 0.00001213 0.00001151 0.00001088 0.00001024 0.00000960 0.00000896 0.00000834 0.00000773 0.00000713 0.00000656 0.00000601 0.00000548 0.00000498 0.00000451 0.00000406 0.00000365 0.00000327 0.00000291 0.00000258 0.00000228 0.00000201 0.00000177 0.00000154 0.00000134 0.00000116 0.00000101 0.00000087 0.00000074 0.00000063 0.00000054 0.00000046 0.00000038 0.00000032 0.00000027 0.00000023 0.00000019
0.00000022 0.00000027 0.00000032 0.00000038 0.00000045 0.00000054 0.00000064 0.00000075 0.00000088 0.00000102 0.00000119 0.00000137 0.00000159 0.00000182 0.00000208 0.00000238 0.00000270 0.00000305 0.00000344 0.00000386 0.00000431 0.00000480 0.00000532 0.00000588 0.00000647 0.00000709 0.00000774 0.00000842 0.00000912 0.00000984 0.00001058 0.00001133 0.00001209 0.00001284 0.00001359 0.00001432 0.00001504 0.00001573 0.00001639 0.00001701 0.00001758 0.00001811 0.00001857 0.00001898 0.00001931 0.00001958 0.00001977 0.00001989 0.00001993 0.00001989 0.00001977 0.00001958 0.00001931 0.00001898 0.00001857 0.00001811 0.00001758 0.00001701 0.00001639 0.00001573 0.00001504 0.00001432 0.00001359 0.00001284 0.00001209 0.00001133 0.00001058 0.00000984 0.00000912 0.00000842 0.00000774 0.00000709 0.00000647 0.00000588 0.00000532 0.00000480 0.00000431 0.00000386 0.00000344 0.00000305 0.00000270 0.00000238 0.00000208 0.00000182 0.00000159 0.00000137 0.00000119 0.00000102 0.00000088 0.00000075 0.00000064 0.00000054 0.00000045 0.00000038 0.00000032 0.00000027 0.00000022
0.00000026 0.00000031 0.00000038 0.00000045 0.00000053 0.00000063 0.00000075 0.00000088 0.00000103 0.00000120 0.00000140 0.00000162 0.00000186 0.00000214 0.00000245 0.00000279 0.00000317 0.00000359 0.00000404 0.00000453 0.00000507 0.00000564 0.00000626 0.00000691 0.00000761 0.00000834 0.00000910 0.00000990 0.00001073 0.00001158 0.00001244 0.00001333 0.00001421 0.00001510 0.00001598 0.00001684 0.00001769 0.00001850 0.00001928 0.00002000 0.00002068 0.00002129 0.00002184 0.00002232 0.00002271 0.00002302 0.00002325 0.00002339 0.00002343 0.00002339 0.00002325 0.00002302 0.00002271 0.00002232 0.00002184 0.00002129 0.00002068 0.00002000 0.00001928 0.00001850 0.00001769 0.00001684 0.00001598 0.00001510 0.00001421 0.00001333 0.00001244 0.00001158 0.00001073 0.00000990 0.00000910 0.00000834 0.00000761 0.00000691 0.00000626 0.00000564 0.00000507 0.00000453 0.00000404 0.00000359 0.00000317 0.00000279 0.00000245 0.00000214 0.00000186 0.00000162 0.00000140 0.00000120 0.00000103 0.00000088 0.00000075 0.00000063 0.00000053 0.00000045 0.00000038 0.00000031 0.00000026
0.00000030 0.00000037 0.00000044 0.00000053 0.00000063 0.00000074 0.00000088 0.00000103 0.00000121 0.00000141 0.00000164 0.00000189 0.00000218 0.00000251 0.00000287 0.00000327 0.00000371 0.00000420 0.00000473 0.00000531 0.00000594 0.00000661 0.00000733 0.00000810 0.00000891 0.00000977 0.00001067 0.00001160 0.00001257 0.00001356 0.00001458 0.00001561 0.00001665 0.00001769 0.00001872 0.00001973 0.00002072 0.00002167 0.00002258 0.00002343 0.00002422 0.00002494 0.00002559 0.00002614 0.00002660 0.00002697 0.00002724 0.00002740 0.00002745 0.00002740 0.00002724 0.00002697 0.00002660 0.00002614 0.00002559 0.00002494 0.00002422 0.00002343 0.00002258 0.00002167 0.00002072 0.00001973 0.00001872 0.00001769 0.00001665 0.00001561 0.00001458 0.00001356 0.00001257 0.00001160 0.00001067 0.00000977 0.00000891 0.00000810 0.00000733 0.00000661 0.00000594 0.00000531 0.00000473 0.00000420 0.00000371 0.00000327 0.00000287 0.00000251 0.00000218 0.00000189 0.00000164 0.00000141 0.00000121 0.00000103 0.00000088 0.00000074 0.00000063 0.00000053 0.00000044 0.00000037 0.00000030
0.00000036 0.00000043 0.00000051 0.00000061 0.00000073 0.00000087 0.00000102 0.00000120 0.00000141 0.00000164 0.00000191 0.00000221 0.00000255 0.00000293 0.00000335 0.00000382 0.00000433 0.00000490 0.00000552 0.00000620 0.00000693 0.00000771 0.00000855 0.00000945 0.00001040 0.00001140 0.00001244 0.00001354 0.00001466 0.00001582 0.00001701 0.00001821 0.00001943 0.00002064 0.00002184 0.00002302 0.00002418 0.00002529 0.00002635 0.00002734 0.00002826 0.00002911 0.00002985 0.00003050 0.00003104 0.00003147 0.00003178 0.00003197 0.00003203 0.00003197 0.00003178 0.00003147 0.00003104 0.00003050 0.00002985 0.00002911 0.00002826 0.00002734 0.00002635 0.00002529 0.00002418 0.00002302 0.00002184 0.00002064 0.00001943 0.00001821 0.00001701 0.00001582 0.00001466 0.00001354 0.00001244 0.00001140 0.00001040 0.00000945 0.00000855 0.00000771 0.00000693 0.00000620 0.00000552 0.00000490 0.00000433 0.00000382 0.00000335 0.00000293 0.00000255 0.00000221 0.00000191 0.00000164 0.00000141 0.00000120 0.00000102 0.00000087 0.00000073 0.00000061 0.00000051 0.00000043 0.00000036
0.00000041 0.00000050 0.00000060 0.00000071 0.00000085 0.00000101 0.00000119 0.00000140 0.00000164 0.00000191 0.00000222 0.00000257 0.00000296 0.00000340 0.00000389 0.00000444 0.00000504 0.00000570 0.00000642 0.00000720 0.00000805 0.00000896 0.00000994 0.00001098 0.00001209 0.00001325 0.00001446 0.00001573 0.00001704 0.00001839 0.00001977 0.00002117 0.00002258 0.00002399 0.00002539 0.00002676 0.00002810 0.00002939 0.00003062 0.00003178 0.00003285 0.00003383 0.00003470 0.00003545 0.00003608 0.00003658 0.00003694 0.00003715 0.00003723 0.00003715 0.00003694 0.00003658 0.00003608 0.00003545 0.00003470 0.00003383 0.00003285 0.00003178 0.00003062 0.00002939 0.00002810 0.00002676 0.00002539 0.00002399 0.00002258 0.00002117 0.00001977 0.00001839 0.00001704 0.00001573 0.00001446 0.00001325 0.00001209 0.00001098 0.00000994 0.00000896 0.00000805 0.00000720 0.00000642 0.00000570 0.00000504 0.00000444 0.00000389 0.00000340 0.00000296 0.00000257 0.00000222 0.00000191 0.00000164 0.00000140 0.00000119 0.00000101 0.00000085 0.00000071 0.00000060 0.00000050 0.00000041
0.00000048 0.00000058 0.00000069 0.00000083 0.00000098 0.00000116 0.00000137 0.00000162 0.00000189 0.00000221 0.00000257 0.00000297 0.00000343 0.00000394 0.00000451 0.00000514 0.00000583 0.00000660 0.00000743 0.00000834 0.00000932 0.00001038 0.00001151 0.00001272 0.00001399 0.00001534 0.00001675 0.00001821 0.00001973 0.00002129 0.00002289 0.00002451 0.00002614 0.00002777 0.00002939 0.00003098 0.00003253 0.00003403 0.00003545 0.00003679 0.00003803 0.00003917 0.00004017 0.00004104 0.00004177 0.00004235 0.00004276 0.00004301 0.00004310 0.00004301 0.00004276 0.00004235 0.00004177 0.00004104 0.00004017 0.00003917 0.00003803 0.00003679 0.00003545 0.00003403 0.00003253 0.00003098 0.00002939 0.00002777 0.00002614 0.00002451 0.00002289 0.00002129 0.00001973 0.00001821 0.00001675 0.00001534 0.00001399 0.00001272 0.00001151 0.00001038 0.00000932 0.00000834 0.00000743 0.00000660 0.00000583 0.00000514 0.00000451 0.00000394 0.00000343 0.00000297 0.00000257 0.00000221 0.00000189 0.00000162 0.00000137 0.00000116 0.00000098 0.00000083 0.00000069 0.00000058 0.00000048
0.00000055 0.00000066 0.00000080 0.00000095 0.00000113 0.00000134 0.00000159 0.00000186 0.00000218 0.00000255 0.00000296 0.00000343 0.00000395 0.00000454 0.00000520 0.00000592 0.00000673 0.00000761 0.00000857 0.00000962 0.00001075 0.00001197 0.00001327 0.00001466 0.00001614 0.00001769 0.00001931 0.00002100 0.00002276 0.00002456 0.00002640 0.00002826 0.00003015 0.00003203 0.00003389 0.00003573 0.00003752 0.00003924 0.00004088 0.00004243 0.00004386 0.00004517 0.00004633 0.00004733 0.00004817 0.00004884 0.00004932 0.00004961 0.00004970 0.00004961 0.00004932 0.00004884 0.00004817 0.00004733 0.00004633 0.00004517 0.00004386 0.00004243 0.00004088 0.00003924 0.00003752 0.00003573 0.00003389 0.00003203 0.00003015 0.00002826 0.00002640 0.00002456 0.00002276 0.00002100 0.00001931 0.00001769 0.00001614 0.00001466 0.00001327 0.00001197 0.00001075 0.00000962 0.00000857 0.00000761 0.00000673 0.00000592 0.00000520 0.00000454 0.00000395 0.00000343 0.00000296 0.00000255 0.00000218 0.00000186 0.00000159 0.00000134 0.00000113 0.00000095 0.00000080 0.00000066 0.00000055
0.00000063 0.00000076 0.00000092 0.00000109 0.00000130 0.00000154 0.00000182 0.00000214 0.00000251 0.00000293 0.00000340 0.00000394 0.00000454 0.00000522 0.00000597 0.00000681 0.00000773 0.00000874 0.00000984 0.00001105 0.00001235 0.00001375 0.00001525 0.00001684 0.00001854 0.00002032 0.00002219 0.00002413 0.00002614 0.00002821 0.00003032 0.00003247 0.00003463 0.00003679 0.00003894 0.00004104 0.00004310 0.00004508 0.00004697 0.00004874 0.00005039 0.00005189 0.00005322 0.00005438 0.00005534 0.00005610 0.00005665 0.00005699 0.00005710 0.00005699 0.00005665 0.00005610 0.00005534 0.00005438 0.00005322 0.00005189 0.00005039 0.00004874 0.00004697 0.00004508 0.00004310 0.00004104 0.00003894 0.00003679 0.00003463 0.00003247 0.00003032 0.00002821 0.00002614 0.00002413 0.00002219 0.00002032 0.00001854 0.00001684 0.00001525 0.00001375 0.00001235 0.00001105 0.00000984 0.00000874 0.00000773 0.00000681 0.00000597 0.00000522 0.00000454 0.00000394 0.00000340 0.00000293 0.00000251 0.00000214 0.00000182 0.00000154 0.00000130 0.00000109 0.00000092 0.00000076 0.00000063
0.00000073 0.00000087 0.00000105 0.00000125 0.00000149 0.00000177 0.00000208 0.00000245 0.00000287 0.00000335 0.00000389 0.00000451 0.00000520 0.00000597 0.00000683 0.00000779 0.00000884 0.00001000 0.00001126 0.00001264 0.00001413 0.00001573 0.00001745 0.00001928 0.00002121 0.00002325 0.00002539 0.00002761 0.00002991 0.00003228 0.00003470 0.00003715 0.00003963 0.00004210 0.00004455 0.00004697 0.00004932 0.00005158 0.00005374 0.00005577 0.00005766 0.00005937 0.00006090 0.00006222 0.00006332 0.00006420 0.00006483 0.00006521 0.00006533 0.00006521 0.00006483 0.00006420 0.00006332 0.00006222 0.00006090 0.00005937 0.00005766 0.00005577 0.00005374 0.00005158 0.00004932 0.00004697 0.00004455 0.00004210 0.00003963 0.00003715 0.00003470 0.00003228 0.00002991 0.00002761 0.00002539 0.00002325 0.00002121 0.00001928 0.00001745 0.00001573 0.00001413 0.00001264 0.00001126 0.00001000 0.00000884 0.00000779 0.00000683 0.00000597 0.00000520 0.00000451 0.00000389 0.00000335 0.00000287 0.00000245 0.00000208 0.00000177 0.00000149 0.00000125 0.00000105 0.00000087 0.00000073
0.00000083 0.00000100 0.00000119 0.00000143 0.00000170 0.00000201 0.00000238 0.00000279 0.00000327 0.00000382 0.00000444 0.00000514 0.00000592 0.00000681 0.00000779 0.00000888 0.00001008 0.00001140 0.00001284 0.00001441 0.00001610 0.00001793 0.00001989 0.00002197 0.00002418 0.00002650 0.00002894 0.00003147 0.00003409 0.00003679 0.00003955 0.00004235 0.00004517 0.00004799 0.00005078 0.00005353 0.00005621 0.00005879 0.00006126 0.00006357 0.00006572 0.00006767 0.00006941 0.00007092 0.00007218 0.00007317 0.00007389 0.00007432 0.00007447 0.00007432 0.00007389 0.00007317 0.00007218 0.00007092 0.00006941 0.00006767 0.00006572 0.00006357 0.00006126 0.00005879 0.00005621 0.00005353 0.00005078 0.00004799 0.00004517 0.00004235 0.00003955 0.00003679 0.00003409 0.00003147 0.00002894 0.00002650 0.00002418 0.00002197 0.00001989 0.00001793 0.00001610 0.00001441 0.00001284 0.00001140 0.00001008 0.00000888 0.00000779 0.00000681 0.00000592 0.00000514 0.00000444 0.00000382 0.00000327 0.00000279 0.00000238 0.00000201 0.00000170 0.00000143 0.00000119 0.00000100 0.00000083
0.00000094 0.00000113 0.00000136 0.00000162 0.00000193 0.00000228 0.00000270 0.00000317 0.00000371 0.00000433 0.00000504 0.00000583 0.00000673 0.00000773 0.00000884 0.00001008 0.00001144 0.00001294 0.00001458 0.00001636 0.00001828 0.00002036 0.00002258 0.00002494 0.00002745 0.00003009 0.00003285 0.00003573 0.00003871 0.00004177 0.00004490 0.00004808 0.00005128 0.00005448 0.00005766 0.00006078 0.00006382 0.00006675 0.00006955 0.00007218 0.00007461 0.00007683 0.00007881 0.00008052 0.00008195 0.00008308 0.00008389 0.00008438 0.00008455 0.00008438 0.00008389 0.00008308 0.00008195 0.00008052 0.00007881 0.00007683 0.00007461 0.00007218 0.00006955 0.00006675 0.00006382 0.00006078 0.00005766 0.00005448 0.00005128 0.00004808 0.00004490 0.00004177 0.00003871 0.00003573 0.00003285 0.00003009 0.00002745 0.00002494 0.00002258 0.00002036 0.00001828 0.00001636 0.00001458 0.00001294 0.00001144 0.00001008 0.00000884 0.00000773 0.00000673 0.00000583 0.00000504 0.00000433 0.00000371 0.00000317 0.00000270 0.00000228 0.00000193 0.00000162 0.00000136 0.00000113 0.00000094
0.00000106 0.00000128 0.00000153 0.00000183 0.00000218 0.00000258 0.00000305 0.00000359 0.00000420 0.00000490 0.00000570 0.00000660 0.00000761 0.00000874 0.00001000 0.00001140 0.00001294 0.00001464 0.00001649 0.00001850 0.00002068 0.00002302 0.00002554 0.00002821 0.00003104 0.00003403 0.00003715 0.00004041 0.00004378 0.00004724 0.00005078 0.00005438 0.00005800 0.00006162 0.00006521 0.00006874 0.00007218 0.00007549 0.00007865 0.00008163 0.00008438 0.00008689 0.00008913 0.00009106 0.00009268 0.00009395 0.00009487 0.00009543 0.00009562 0.00009543 0.00009487 0.00009395 0.00009268 0.00009106 0.00008913 0.00008689 0.00008438 0.00008163 0.00007865 0.00007549 0.00007218 0.00006874 0.00006521 0.00006162 0.00005800 0.00005438 0.00005078 0.00004724 0.00004378 0.00004041 0.00003715 0.00003403 0.00003104 0.00002821 0.00002554 0.00002302 0.00002068 0.00001850 0.00001649 0.00001464 0.00001294 0.00001140 0.00001000 0.00000874 0.00000761 0.00000660 0.00000570 0.00000490 0.00000420 0.00000359 0.00000305 0.00000258 0.00000218 0.00000183 0.00000153 0.00000128 0.00000106
0.00000120 0.00000144 0.00000173 0.00000206 0.00000246 0.00000291 0.00000344 0.00000404 0.00000473 0.00000552 0.00000642 0.00000743 0.00000857 0.00000984 0.00001126 0.00001284 0.00001458 0.00001649 0.00001857 0.00002084 0.00002330 0.00002594 0.00002877 0.00003178 0.00003497 0.00003833 0.00004185 0.00004552 0.00004932 0.00005322 0.00005721 0.00006126 0.00006533 0.00006941 0.00007346 0.00007743 0.00008131 0.00008505 0.00008861 0.00009196 0.00009506 0.00009789 0.00010040 0.00010258 0.00010440 0.00010584 0.00010688 0.00010751 0.00010772 0.00010751 0.00010688 0.00010584 0.00010440 0.00010258 0.00010040 0.00009789 0.00009506 0.00009196 0.00008861 0.00008505 0.00008131 0.00007743 0.00007346 0.00006941 0.00006533 0.00006126 0.00005721 0.00005322 0.00004932 0.00004552 0.00004185 0.00003833 0.00003497 0.00003178 0.00002877 0.00002594 0.00002330 0.00002084 0.00001857 0.00001649 0.00001458 0.00001284 0.00001126 0.00000984 0.00000857 0.00000743 0.00000642 0.00000552 0.00000473 0.00000404 0.00000344 0.00000291 0.00000246 0.00000206 0.00000173 0.00000144 0.00000120
0.00000134 0.00000162 0.00000194 0.00000232 0.00000276 0.00000327 0.00000386 0.00000453 0.00000531 0.00000620 0.00000720 0.00000834 0.00000962 0.00001105 0.00001264 0.00001441 0.00001636 0.00001850 0.00002084 0.00002339 0.00002614 0.00002911 0.00003228 0.00003566 0.00003924 0.00004301 0.00004697 0.00005108 0.00005534 0.00005972 0.00006420 0.00006874 0.00007331 0.00007789 0.00008243 0.00008689 0.00009124 0.00009543 0.00009943 0.00010319 0.00010667 0.00010984 0.00011267 0.00011511 0.00011715 0.00011877 0.00011993 0.00012064 0.00012087 0.00012064 0.00011993 0.00011877 0.00011715 0.00011511 0.00011267 0.00010984 0.00010667 0.00010319 0.00009943 0.00009543 0.00009124 0.00008689 0.00008243 0.00007789 0.00007331 0.00006874 0.00006420 0.00005972 0.00005534 0.00005108 0.00004697 0.00004301 0.00003924 0.00003566 0.00003228 0.00002911 0.00002614 0.00002339 0.00002084 0.00001850 0.00001636 0.00001441 0.00001264 0.00001105 0.00000962 0.00000834 0.00000720 0.00000620 0.00000531 0.00000453 0.00000386 0.00000327 0.00000276 0.00000232 0.00000194 0.00000162 0.00000134
0.00000150 0.00000181 0.00000217 0.00000259 0.00000308 0.00000365 0.00000431 0.00000507 0.00000594 0.00000693 0.00000805 0.00000932 0.00001075 0.00001235 0.00001413 0.00001610 0.00001828 0.00002068 0.00002330 0.00002614 0.00002922 0.00003253 0.00003608 0.00003986 0.00004386 0.00004808 0.00005250 0.00005710 0.00006186 0.00006675 0.00007176 0.00007683 0.00008195 0.00008706 0.00009214 0.00009712 0.00010198 0.00010667 0.00011114 0.00011534 0.00011923 0.00012278 0.00012593 0.00012867 0.00013095 0.00013275 0.00013406 0.00013484 0.00013511 0.00013484 0.00013406 0.00013275 0.00013095 0.00012867 0.00012593 0.00012278 0.00011923 0.00011534 0.00011114 0.00010667 0.00010198 0.00009712 0.00009214 0.00008706 0.00008195 0.00007683 0.00007176 0.00006675 0.00006186 0.00005710 0.00005250 0.00004808 0.00004386 0.00003986 0.00003608 0.00003253 0.00002922 0.00002614 0.00002330 0.00002068 0.00001828 0.00001610 0.00001413 0.00001235 0.00001075 0.00000932 0.00000805 0.00000693 0.00000594 0.00000507 0.00000431 0.00000365 0.00000308 0.00000259 0.00000217 0.00000181 0.00000150
0.00000167 0.00000201 0.00000241 0.00000288 0.00000343 0.00000406 0.00000480 0.00000564 0.00000661 0.00000771 0.00000896 0.00001038 0.00001197 0.00001375 0.00001573 0.00001793 0.00002036 0.00002302 0.00002594 0.00002911 0.00003253 0.00003622 0.00004017 0.00004438 0.00004884 0.00005353 0.00005845 0.00006357 0.00006887 0.00007432 0.00007989 0.00008555 0.00009124 0.00009694 0.00010258 0.00010814 0.00011355 0.00011877 0.00012374 0.00012842 0.00013275 0.00013670 0.00014022 0.00014326 0.00014580 0.00014781 0.00014926 0.00015014 0.00015043 0.00015014 0.00014926 0.00014781 0.00014580 0.00014326 0.00014022 0.00013670 0.00013275 0.00012842 0.00012374 0.00011877 0.00011355 0.00010814 0.00010258 0.00009694 0.00009124 0.00008555 0.00007989 0.00007432 0.00006887 0.00006357 0.00005845 0.00005353 0.00004884 0.00004438 0.00004017 0.00003622 0.00003253 0.00002911 0.00002594 0.00002302 0.00002036 0.00001793 0.00001573 0.00001375 0.00001197 0.00001038 0.00000896 0.00000771 0.00000661 0.00000564 0.00000480 0.00000406 0.00000343 0.00000288 0.00000241 0.00000201 0.00000167
0.00000185 0.00000223 0.00000268 0.00000320 0.00000380 0.00000451 0.00000532 0.00000626 0.00000733 0.00000855 0.00000994 0.00001151 0.00001327 0.00001525 0.00001745 0.00001989 0.00002258 0.00002554 0.00002877 0.00003228 0.00003608 0.00004017 0.00004455 0.00004922 0.00005416 0.00005937 0.00006483 0.00007051 0.00007638 0.00008243 0.00008861 0.00009487 0.00010119 0.00010751 0.00011377 0.00011993 0.00012593 0.00013172 0.00013724 0.00014242 0.00014723 0.00015161 0.00015551 0.00015889 0.00016170 0.00016393 0.00016554 0.00016651 0.00016684 0.00016651 0.00016554 0.00016393 0.00016170 0.00015889 0.00015551 0.00015161 0.00014723 0.00014242 0.00013724 0.00013172 0.00012593 0.00011993 0.00011377 0.00010751 0.00010119 0.00009487 0.00008861 0.00008243 0.00007638 0.00007051 0.00006483 0.00005937 0.00005416 0.00004922 0.00004455 0.00004017 0.00003608 0.00003228 0.00002877 0.00002554 0.00002258 0.00001989 0.00001745 0.00001525 0.00001327 0.00001151 0.00000994 0.00000855 0.00000733 0.00000626 0.00000532 0.00000451 0.00000380 0.00000320 0.00000268 0.00000223 0.00000185
0.00000205 0.00000246 0.00000296 0.00000353 0.00000420 0.00000498 0.00000588 0.00000691 0.00000810 0.00000945 0.00001098 0.00001272 0.00001466 0.00001684 0.00001928 0.00002197 0.00002494 0.00002821 0.00003178 0.00003566 0.00003986 0.00004438 0.00004922 0.00005438 0.00005984 0.00006559 0.00007162 0.00007789 0.00008438 0.00009106 0.00009789 0.00010481 0.00011179 0.00011877 0.00012569 0.00013249 0.00013912 0.00014552 0.00015161 0.00015734 0.00016265 0.00016749 0.00017180 0.00017553 0.00017864 0.00018110 0.00018288 0.00018395 0.00018431 0.00018395 0.00018288 0.00018110 0.00017864 0.00017553 0.00017180 0.00016749 0.00016265 0.00015734 0.00015161 0.00014552 0.00013912 0.00013249 0.00012569 0.00011877 0.00011179 0.00010481 0.00009789 0.00009106 0.00008438 0.00007789 0.00007162 0.00006559 0.00005984 0.00005438 0.00004922 0.00004438 0.00003986 0.00003566 0.00003178 0.00002821 0.00002494 0.00002197 0.00001928 0.00001684 0.00001466 0.00001272 0.00001098 0.00000945 0.00000810 0.00000691 0.00000588 0.00000498 0.00000420 0.00000353 0.00000296 0.00000246 0.00000205
0.00000225 0.00000271 0.00000325 0.00000389 0.00000462 0.00000548 0.00000647 0.00000761 0.00000891 0.00001040 0.00001209 0.00001399 0.00001614 0.00001854 0.00002121 0.00002418 0.00002745 0.00003104 0.00003497 0.00003924 0.00004386 0.00004884 0.00005416 0.00005984 0.00006585 0.00007218 0.00007881 0.00008571 0.00009286 0.00010021 0.00010772 0.00011534 0.00012302 0.00013070 0.00013831 0.00014580 0.00015310 0.00016013 0.00016684 0.00017314 0.00017899 0.00018431 0.00018905 0.00019316 0.00019658 0.00019929 0.00020124 0.00020243 0.00020282 0.00020243 0.00020124 0.00019929 0.00019658 0.00019316 0.00018905 0.00018431 0.00017899 0.00017314 0.00016684 0.00016013 0.00015310 0.00014580 0.00013831 0.00013070 0.00012302 0.00011534 0.00010772 0.00010021 0.00009286 0.00008571 0.00007881 0.00007218 0.00006585 0.00005984 0.00005416 0.00004884 0.00004386 0.00003924 0.00003497 0.00003104 0.00002745 0.00002418 0.00002121 0.00001854 0.00001614 0.00001399 0.00001209 0.00001040 0.00000891 0.00000761 0.00000647 0.00000548 0.00000462 0.00000389 0.00000325 0.00000271 0.00000225
0.00000247 0.00000297 0.00000357 0.00000426 0.00000507 0.00000601 0.00000709 0.00000834 0.00000977 0.00001140 0.00001325 0.00001534 0.00001769 0.00002032 0.00002325 0.00002650 0.00003009 0.00003403 0.00003833 0.00004301 0.00004808 0.00005353 0.00005937 0.00006559 0.00007218 0.00007912 0.00008638 0.00009395 0.00010179 0.00010984 0.00011807 0.00012643 0.00013484 0.00014326 0.00015161 0.00015982 0.00016782 0.00017553 0.00018288 0.00018979 0.00019620 0.00020203 0.00020723 0.00021173 0.00021548 0.00021845 0.00022059 0.00022189 0.00022232 0.00022189 0.00022059 0.00021845 0.00021548 0.00021173 0.00020723 0.00020203 0.00019620 0.00018979 0.00018288 0.00017553 0.00016782 0.00015982 0.00015161 0.00014326 0.00013484 0.00012643 0.00011807 0.00010984 0.00010179 0.00009395 0.00008638 0.00007912 0.00007218 0.00006559 0.00005937 0.00005353 0.00004808 0.00004301 0.00003833 0.00003403 0.00003009 0.00002650 0.00002325 0.00002032 0.00001769 0.00001534 0.00001325 0.00001140 0.00000977 0.00000834 0.00000709 0.00000601 0.00000507 0.00000426 0.00000357 0.00000297 0.00000247
0.00000270 0.00000325 0.00000389 0.00000465 0.00000553 0.00000656 0.00000774 0.00000910 0.00001067 0.00001244 0.00001446 0.00001675 0.00001931 0.00002219 0.00002539 0.00002894 0.00003285 0.00003715 0.00004185 0.00004697 0.00005250 0.00005845 0.00006483 0.00007162 0.00007881 0.00008638 0.00009432 0.00010258 0.00011114 0.00011993 0.00012892 0.00013804 0.00014723 0.00015642 0.00016554 0.00017450 0.00018323 0.00019165 0.00019968 0.00020723 0.00021422 0.00022059 0.00022626 0.00023118 0.00023528 0.00023852 0.00024086 0.00024227 0.00024275 0.00024227 0.00024086 0.00023852 0.00023528 0.00023118 0.00022626 0.00022059 0.00021422 0.00020723 0.00019968 0.00019165 0.00018323 0.00017450 0.00016554 0.00015642 0.00014723 0.00013804 0.00012892 0.00011993 0.00011114 0.00010258 0.00009432 0.00008638 0.00007881 0.00007162 0.00006483 0.00005845 0.00005250 0.00004697 0.00004185 0.00003715 0.00003285 0.00002894 0.00002539 0.00002219 0.00001931 0.00001675 0.00001446 0.00001244 0.00001067 0.00000910 0.00000774 0.00000656 0.00000553 0.00000465 0.00000389 0.00000325 0.00000270
0.00000293 0.00000353 0.00000423 0.00000506 0.00000602 0.00000713 0.00000842 0.00000990 0.00001160 0.00001354 0.00001573 0.00001821 0.00002100 0.00002413 0.00002761 0.00003147 0.00003573 0.00004041 0.00004552 0.00005108 0.00005710 0.00006357 0.00007051 0.00007789 0.00008571 0.00009395 0.00010258 0.00011157 0.00012087 0.00013044 0.00014022 0.00015014 0.00016013 0.00017013 0.00018004 0.00018979 0.00019929 0.00020844 0.00021717 0.00022538 0.00023299 0.00023992 0.00024609 0.00025143 0.00025589 0.00025941 0.00026196 0.00026350 0.00026401 0.00026350 0.00026196 0.00025941 0.00025589 0.00025143 0.00024609 0.00023992 0.00023299 0.00022538 0.00021717 0.00020844 0.00019929 0.00018979 0.00018004 0.00017013 0.00016013 0.00015014 0.00014022 0.00013044 0.00012087 0.00011157 0.00010258 0.00009395 0.00008571 0.00007789 0.00007051 0.00006357 0.00005710 0.00005108 0.00004552 0.00004041 0.00003573 0.00003147 0.00002761 0.00002413 0.00002100 0.00001821 0.00001573 0.00001354 0.00001160 0.00000990 0.00000842 0.00000713 0.00000602 0.00000506 0.00000423 0.00000353 0.00000293
0.00000318 0.00000383 0.00000459 0.00000548 0.00000652 0.00000773 0.00000912 0.00001073 0.00001257 0.00001466 0.00001704 0.00001973 0.00002276 0.00002614 0.00002991 0.00003409 0.00003871 0.00004378 0.00004932 0.00005534 0.00006186 0.00006887 0.00007638 0.00008438 0.00009286 0.00010179 0.00011114 0.00012087 0.00013095 0.00014132 0.00015191 0.00016265 0.00017348 0.00018431 0.00019505 0.00020561 0.00021590 0.00022582 0.00023528 0.00024417 0.00025242 0.00025992 0.00026660 0.00027239 0.00027722 0.00028104 0.00028380 0.00028547 0.00028602 0.00028547 0.00028380 0.00028104 0.00027722 0.00027239 0.00026660 0.00025992 0.00025242 0.00024417 0.00023528 0.00022582 0.00021590 0.00020561 0.00019505 0.00018431 0.00017348 0.00016265 0.00015191 0.00014132 0.00013095 0.00012087 0.00011114 0.00010179 0.00009286 0.00008438 0.00007638 0.00006887 0.00006186 0.00005534 0.00004932 0.00004378 0.00003871 0.00003409 0.00002991 0.00002614 0.00002276 0.00001973 0.00001704 0.00001466 0.00001257 0.00001073 0.00000912 0.00000773 0.00000652 0.00000548 0.00000459 0.00000383 0.00000318
0.00000343 0.00000413 0.00000495 0.00000591 0.00000704 0.00000834 0.00000984 0.00001158 0.00001356 0.00001582 0.00001839 0.00002129 0.00002456 0.00002821 0.00003228 0.00003679 0.00004177 0.00004724 0.00005322 0.00005972 0.00006675 0.00007432 0.00008243 0.00009106 0.00010021 0.00010984 0.00011993 0.00013044 0.00014132 0.00015250 0.00016393 0.00017553 0.00018721 0.00019890 0.00021049 0.00022189 0.00023299 0.00024370 0.00025390 0.00026350 0.00027239 0.00028049 0.00028770 0.00029395 0.00029917 0.00030328 0.00030626 0.00030806 0.00030866 0.00030806 0.00030626 0.00030328 0.00029917 0.00029395 0.00028770 0.00028049 0.00027239 0.00026350 0.00025390 0.00024370 0.00023299 0.00022189 0.00021049 0.00019890 0.00018721 0.00017553 0.00016393 0.00015250 0.00014132 0.00013044 0.00011993 0.00010984 0.00010021 0.00009106 0.00008243 0.00007432 0.00006675 0.00005972 0.00005322 0.00004724 0.00004177 0.00003679 0.00003228 0.00002821 0.00002456 0.00002129 0.00001839 0.00001582 0.00001356 0.00001158 0.00000984 0.00000834 0.00000704 0.00000591 0.00000495 0.00000413 0.00000343
0.00000369 0.00000444 0.00000532 0.00000636 0.00000756 0.00000896 0.00001058 0.00001244 0.00001458 0.00001701 0.00001977 0.00002289 0.00002640 0.00003032 0.00003470 0.00003955 0.00004490 0.00005078 0.00005721 0.00006420 0.00007176 0.00007989 0.00008861 0.00009789 0.00010772 0.00011807 0.00012892 0.00014022 0.00015191 0.00016393 0.00017621 0.00018868 0.00020124 0.00021380 0.00022626 0.00023852 0.00025045 0.00026196 0.00027293 0.00028324 0.00029281 0.00030151 0.00030927 0.00031598 0.00032159 0.00032601 0.00032921 0.00033115 0.00033179 0.00033115 0.00032921 0.00032601 0.00032159 0.00031598 0.00030927 0.00030151 0.00029281 0.00028324 0.00027293 0.00026196 0.00025045 0.00023852 0.00022626 0.00021380 0.00020124 0.00018868 0.00017621 0.00016393 0.00015191 0.00014022 0.00012892 0.00011807 0.00010772 0.00009789 0.00008861 0.00007989 0.00007176 0.00006420 0.00005721 0.00005078 0.00004490 0.00003955 0.00003470 0.00003032 0.00002640 0.00002289 0.00001977 0.00001701 0.00001458 0.00001244 0.00001058 0.00000896 0.00000756 0.00000636 0.00000532 0.00000444 0.00000369
0.00000395 0.00000475 0.00000570 0.00000681 0.00000810 0.00000960 0.00001133 0.00001333 0.00001561 0.00001821 0.00002117 0.00002451 0.00002826 0.00003247 0.00003715 0.00004235 0.00004808 0.00005438 0.00006126 0.00006874 0.00007683 0.00008555 0.00009487 0.00010481 0.00011534 0.00012643 0.00013804 0.00015014 0.00016265 0.00017553 0.00018868 0.00020203 0.00021548 0.00022893 0.00024227 0.00025539 0.00026817 0.00028049 0.00029224 0.00030328 0.00031352 0.00032284 0.00033115 0.00033834 0.00034434 0.00034908 0.00035250 0.00035457 0.00035527 0.00035457 0.00035250 0.00034908 0.00034434 0.00033834 0.00033115 0.00032284 0.00031352 0.00030328 0.00029224 0.00028049 0.00026817 0.00025539 0.00024227 0.00022893 0.00021548 0.00020203 0.00018868 0.00017553 0.00016265 0.00015014 0.00013804 0.00012643 0.00011534 0.00010481 0.00009487 0.00008555 0.00007683 0.00006874 0.00006126 0.00005438 0.00004808 0.00004235 0.00003715 0.00003247 0.00002826 0.00002451 0.00002117 0.00001821 0.00001561 0.00001333 0.00001133 0.00000960 0.00000810 0.00000681 0.00000570 0.00000475 0.00000395
0.00000421 0.00000507 0.00000608 0.00000726 0.00000864 0.00001024 0.00001209 0.00001421 0.00001665 0.00001943 0.00002258 0.00002614 0.00003015 0.00003463 0.00003963 0.00004517 0.00005128 0.00005800 0.00006533 0.00007331 0.00008195 0.00009124 0.00010119 0.00011179 0.00012302 0.00013484 0.00014723 0.00016013 0.00017348 0.00018721 0.00020124 0.00021548 0.00022983 0.00024417 0.00025840 0.00027239 0.00028602 0.00029917 0.00031169 0.00032347 0.00033440 0.00034434 0.00035319 0.00036086 0.00036726 0.00037232 0.00037597 0.00037818 0.00037892 0.00037818 0.00037597 0.00037232 0.00036726 0.00036086 0.00035319 0.00034434 0.00033440 0.00032347 0.00031169 0.00029917 0.00028602 0.00027239 0.00025840 0.00024417 0.00022983 0.00021548 0.00020124 0.00018721 0.00017348 0.00016013 0.00014723 0.00013484 0.00012302 0.00011179 0.00010119 0.00009124 0.00008195 0.00007331 0.00006533 0.00005800 0.00005128 0.00004517 0.00003963 0.00003463 0.00003015 0.00002614 0.00002258 0.00001943 0.00001665 0.00001421 0.00001209 0.00001024 0.00000864 0.00000726 0.00000608 0.00000507 0.00000421
0.00000447 0.00000538 0.00000646 0.00000771 0.00000918 0.00001088 0.00001284 0.00001510 0.00001769 0.00002064 0.00002399 0.00002777 0.00003203 0.00003679 0.00004210 0.00004799 0.00005448 0.00006162 0.00006941 0.00007789 0.00008706 0.00009694 0.00010751 0.00011877 0.00013070 0.00014326 0.00015642 0.00017013 0.00018431 0.00019890 0.00021380 0.00022893 0.00024417 0.00025941 0.00027453 0.00028940 0.00030388 0.00031784 0.00033115 0.00034367 0.00035527 0.00036583 0.00037524 0.00038339 0.00039019 0.00039556 0.00039944 0.00040179 0.00040257 0.00040179 0.00039944 0.00039556 0.00039019 0.00038339 0.00037524 0.00036583 0.00035527 0.00034367 0.00033115 0.00031784 0.00030388 0.00028940 0.00027453 0.00025941 0.00024417 0.00022893 0.00021380 0.00019890 0.00018431 0.00017013 0.00015642 0.00014326 0.00013070 0.00011877 0.00010751 0.00009694 0.00008706 0.00007789 0.00006941 0.00006162 0.00005448 0.00004799 0.00004210 0.00003679 0.00003203 0.00002777 0.00002399 0.00002064 0.00001769 0.00001510 0.00001284 0.00001088 0.00000918 0.00000771 0.00000646 0.00000538 0.00000447
0.00000473 0.00000570 0.00000683 0.00000816 0.00000971 0.00001151 0.00001359 0.00001598 0.00001872 0.00002184 0.00002539 0.00002939 0.00003389 0.00003894 0.00004455 0.00005078 0.00005766 0.00006521 0.00007346 0.00008243 0.00009214 0.00010258 0.00011377 0.00012569 0.00013831 0.00015161 0.00016554 0.00018004 0.00019505 0.00021049 0.00022626 0.00024227 0.00025840 0.00027453 0.00029053 0.00030626 0.00032159 0.00033636 0.00035044 0.00036369 0.00037597 0.00038715 0.00039710 0.00040573 0.00041292 0.00041861 0.00042272 0.00042520 0.00042603 0.00042520 0.00042272 0.00041861 0.00041292 0.00040573 0.00039710 0.00038715 0.00037597 0.00036369 0.00035044 0.00033636 0.00032159 0.00030626 0.00029053 0.00027453 0.00025840 0.00024227 0.00022626 0.00021049 0.00019505 0.00018004 0.00016554 0.00015161 0.00013831 0.00012569 0.00011377 0.00010258 0.00009214 0.00008243 0.00007346 0.00006521 0.00005766 0.00005078 0.00004455 0.00003894 0.00003389 0.00002939 0.00002539 0.00002184 0.00001872 0.00001598 0.00001359 0.00001151 0.00000971 0.00000816 0.00000683 0.00000570 0.00000473
0.00000499 0.00000601 0.00000720 0.00000860 0.00001024 0.00001213 0.00001432 0.00001684 0.00001973 0.00002302 0.00002676 0.00003098 0.00003573 0.00004104 0.00004697 0.00005353 0.00006078 0.00006874 0.00007743 0.00008689 0.00009712 0.00010814 0.00011993 0.00013249 0.00014580 0.00015982 0.00017450 0.00018979 0.00020561 0.00022189 0.00023852 0.00025539 0.00027239 0.00028940 0.00030626 0.00032284 0.00033900 0.00035457 0.00036942 0.00038339 0.00039633 0.00040811 0.00041861 0.00042770 0.00043528 0.00044128 0.00044561 0.00044822 0.00044910 0.00044822 0.00044561 0.00044128 0.00043528 0.00042770 0.00041861 0.00040811 0.00039633 0.00038339 0.00036942 0.00035457 0.00033900 0.00032284 0.00030626 0.00028940 0.00027239 0.00025539 0.00023852 0.00022189 0.00020561 0.00018979 0.00017450 0.00015982 0.00014580 0.00013249 0.00011993 0.00010814 0.00009712 0.00008689 0.00007743 0.00006874 0.00006078 0.00005353 0.00004697 0.00004104 0.00003573 0.00003098 0.00002676 0.00002302 0.00001973 0.00001684 0.00001432 0.00001213 0.00001024 0.00000860 0.00000720 0.00000601 0.00000499
0.00000524 0.00000631 0.00000756 0.00000903 0.00001075 0.00001274 0.00001504 0.00001769 0.00002072 0.00002418 0.00002810 0.00003253 0.00003752 0.00004310 0.00004932 0.00005621 0.00006382 0.00007218 0.00008131 0.00009124 0.00010198 0.00011355 0.00012593 0.00013912 0.00015310 0.00016782 0.00018323 0.00019929 0.00021590 0.00023299 0.00025045 0.00026817 0.00028602 0.00030388 0.00032159 0.00033900 0.00035596 0.00037232 0.00038791 0.00040257 0.00041616 0.00042853 0.00043955 0.00044910 0.00045706 0.00046336 0.00046790 0.00047065 0.00047157 0.00047065 0.00046790 0.00046336 0.00045706 0.00044910 0.00043955 0.00042853 0.00041616 0.00040257 0.00038791 0.00037232 0.00035596 0.00033900 0.00032159 0.00030388 0.00028602 0.00026817 0.00025045 0.00023299 0.00021590 0.00019929 0.00018323 0.00016782 0.00015310 0.00013912 0.00012593 0.00011355 0.00010198 0.00009124 0.00008131 0.00007218 0.00006382 0.00005621 0.00004932 0.00004310 0.00003752 0.00003253 0.00002810 0.00002418 0.00002072 0.00001769 0.00001504 0.00001274 0.00001075 0.00000903 0.00000756 0.00000631 0.00000524
